35,2
0,459
0,458
0,457
0,456
0,455
0,454
0,453
0,452
0,451
0,450
35,4
35,1
35,3
0,449
0,448
33,4
0,447
0,446
0,386
27,2
3,2
3,1
3,3
10,98
10,24
10,266
10,200
10,254
10,264
11,6
11,4
11,8
11,24
11,16
33,3
33,1
27,5
27,4
27,3
27,1
21,3
21,2
21,1
21,0
20,3
20,2
20,1
19,3
19,2
19,1
18,3
18,1
14,1
14,3
12,3
13,1
12,2
13,3
12,1
11,27
11,23
11,22
11,21
11,20
11,18
11,17
11,15
11,14
11,12
11,10
11,3
11,2
11,1
10,300
10,295
10,285
10,281
10,228
10,190
10,164
10,163
10,156
10,137
10,123
10,99
10,94
10,90
10,25
10,14
10,3
10,2
10,1
9,7
9,6
9,5
